12548000
22837900
10803000
16617800
17174300
18461700
34243100
24211100
29210700
36846000
45358000
34222000
56004800
34645400
73361900
69762300
61978600
40107100
83395400
87830800
98509200
67990100
70570300
101984300
104511600
123320500
127450500
127609400
123258100
127024800

17174300
18461700
22837900
24211100
29210700
34222000
34243100
34645400
36846000
40107100

29195930


nowe
18004000
14358600
7521300
18082400
33189500
26576200
39428000
26920100
35386400
42947400
51217100
39202500
65801400
50304300
87282100
87910300
79678000
58659500
126060100
84994400
84818400
83290400
77736500
110261700
97948100
119969600
114495000
119427900
134554800
124221000

40383100