28382900
102382600
52025100
94709600
69913900
109579700
173406200
134808300
174916600
146653900
173462200
207072000
239717400
268259000
154388900
162199400
190593800
234115000
249288300
276585100
189740600
220460600
245954800
209425400
235338200
215470400
235183500
225469800
247446800
275319500

190593800
207072000
209425400
215470400
220460600
225469800
234115000
235183500
235338200
239717400

221,284,610

nowe
20681300
129992600
48286000
96843300
71284800
113150300
155594600
126863000
154506900
200264600
254882900
267392400
293387000
146259300
179748700
239733000
204768100
200770800
267021300
298206200
202012800
237693100
274989600
213778700
226080100
248340100
223832500
261095900
237462200
278951800

204768100
20681300
213778700
223832500
226080100
237462200
237693100
239733000
248340100
254882900

210725200