14028600
20234400
11764800
13086000
8778600
9735900
19371200
8734500
11913500
12620200
28003400
23732900
12066200
26439900
22221500
26068300
26254700
15122200
9154200
38702200
45418600
45817100
67803700
52567900
33995800
56270700
33694400
51776800
38292300
61270300

23732900
26068300
26254700
26439900
28003400
33694400
33995800
38292300
38702200
45418600

32060250

nowe9120700
11269900
12901800
10910400
11574600
10715000
18587200
9436900
13107700
14783600
23917100
27790400
13275000
22827500
25119600
29565500
25821900
16914400
10624900
41437300
48763300
62172500
77438000
63176500
27398100
71334200
33584600
51555500
46699300
71538900

29340772