16472700
70218300
35866800
60399000
56829700
78941200
100819000
122324600
96755400
123997100
153317500
180947200
208144600
134767500
162796200
188501600
216515500
245411400
179615500
190627500
204368700
227557200
253855500
215138800
253731900
251158100
210560100
236723400
261924500
233213300

190627500
204368700
208144600
210560100
215138800
216515500
227557200
233213300
236723400
245411400

218826050

nowe
13605500
45243000
38600200
59380400
72395900
96549800
102633300
131863400
111001700
176499800
159629200
130843600
186799400
185127600
212704400
263133700
195175200
191607500
225687200
283943000
192982500
204665500
233996000
202591300
225569800
250886900
240936800
233235900
257062700
261844100

192982500
195175200
202591300
204665500
212704400
225569800
225687200
233235900
233996000
240936800




216754460



19505500
68378100
68830600
95091300
68358200
112582500
121338300
112925700
134013500
141779600
142067600
222080900
245033700
167033800
138415100
173185400
207135600
226168800
257478800
167730800
216790200
222528900
198965600
213967000
201139200
249908200
261136500
251838700
241928200
275566600

19505500
198965600
201139200
207135600
213967000
216790200
222080900
222528900
226168800
241928200

19702099012527000
52431100
47297300
76394800
64998400
75821700
103119900
126555500
135360700
137923900
171214800
181567400
217711000
139587600
164319000
203195400
226554100
245215300
203791800
206654100
248755200
270783900
242137000
264770600
269386800
270078900
309974300
286629700
292098500
290329500
