67666500
45376300
54312500
50354200
43013000
40576900
69424600
55557500
57660100
41864800
38384800
53460500
64747300
66456200
68423900
41254500
105569400
38775300
40943800
40944200
54838800
54893700
45815400
86245900
99515700
41826200
41434100
40586600
38994600
51018400

Srodkowe 10:
41826200
41864800
43013000
45376300
45815400
50354200
51018400
53460500
54312500
54838800

Średnia:
48188010 nanosekundy

nowe


41091500
317289600
159598200
184655300
249408700
340195000
483957300
258331300
299892300
216838500
295878500
378503000
249766600
300868700
233263000
236930800
294235900
253324100
299089500
322051100
335850000
302322400
334768600
348819900
382148000
353750000
328772100
349609300
350810800
342924200

295878500
299089500
299892300
300868700
302322400
317289600
322051100
328772100
334768600
335850000

313678280