11879900
18760800
15319400
34595800
32325600
34423700
58822300
83418000
61845200
87079000
104911800
112379600
78739600
96148900
120553300
135937600
152995300
181530800
170442300
111905000
158264500
153359600
212304400
230320300
215551800
217274400
237209300
229803600
185028000
179846400

170442300
179846400
181530800
185028000
18760800
212304400
215551800
217274400
229803600
230320300

184086280

nowe
11469100
19294700
15986600
36616500
37632900
41303600
63161900
84904000
62805700
94707700
95013500
123860200
121105500
107962000
126306700
152966300
170829200
157785100
159733100
124994500
200250500
170679700
167262700
145050100
175154800
166029000
161531800
167183200
214208100
191559900

15986600
161531800
166029000
167183200
167262700
170679700
170829200
175154800
191559900
19294700

140551160
