43129000
25097900
30953100
41024000
35104600
23305200
23304500
25775600
23694700
22654900
25863800
25664700
24328200
23702800
25639800
23966300
25287200
23153500
22952600
23895300
23022500
25046100
26151300
24874400
23734100
24843800
25201800
24782000
24470800
24757100


23966300
24328200
24470800
24757100
24782000
24843800
24874400
25046100
25097900
25201800

24736840

nowe 


247064700
249532900
256845300
259028500
261794300
264462300
275383700
282646200
285369600
287208700

266933620